TABLE NO.     1: First Order Conditional Estimation with Interaction: Problem=1 Subproblem=0 Superproblem1=0 Iteration1=0 Superproblem2=0 Iteration2=0
 NAME         THETA1       THETA2       THETA3       THETA4       THETA5       THETA6       THETA7       THETA8       THETA9       THETA10      THETA11      SIGMA(1,1)   OMEGA(1,1)   OMEGA(2,1)   OMEGA(2,2)   OMEGA(3,1)   OMEGA(3,2)   OMEGA(3,3)   OMEGA(4,1)   OMEGA(4,2)   OMEGA(4,3)   OMEGA(4,4)   OMEGA(5,1)   OMEGA(5,2)   OMEGA(5,3)   OMEGA(5,4)   OMEGA(5,5)
 THETA1        9.05294E-05 -1.00000E+00  6.29325E-01  9.99851E-01 -1.00000E+00  9.99999E-01 -1.00000E+00 -9.99999E-01  9.99848E-01  9.98977E-01 -9.99997E-01  0.00000E+00  9.95738E-01  0.00000E+00  9.99726E-01  0.00000E+00  0.00000E+00 -8.70659E-01  0.00000E+00  0.00000E+00  0.00000E+00 -9.99397E-01  0.00000E+00  0.00000E+00  0.00000E+00  0.00000E+00  9.83845E-01
 THETA2       -1.00000E+00  1.53197E-04 -6.29271E-01 -9.99849E-01  1.00000E+00 -9.99999E-01  1.00000E+00  9.99999E-01 -9.99843E-01 -9.98974E-01  9.99998E-01  0.00000E+00 -9.95731E-01  0.00000E+00 -9.99723E-01  0.00000E+00  0.00000E+00  8.70653E-01  0.00000E+00  0.00000E+00  0.00000E+00  9.99392E-01  0.00000E+00  0.00000E+00  0.00000E+00  0.00000E+00 -9.83858E-01
 THETA3        6.29325E-01 -6.29271E-01  6.38945E-02  6.34933E-01 -6.29269E-01  6.28958E-01 -6.29269E-01 -6.29529E-01  6.30793E-01  6.29837E-01 -6.29038E-01  0.00000E+00  6.60007E-01  0.00000E+00  6.32627E-01  0.00000E+00  0.00000E+00 -5.84295E-01  0.00000E+00  0.00000E+00  0.00000E+00 -6.33106E-01  0.00000E+00  0.00000E+00  0.00000E+00  0.00000E+00  6.32552E-01
 THETA4        9.99851E-01 -9.99849E-01  6.34933E-01  2.66323E+00 -9.99849E-01  9.99836E-01 -9.99849E-01 -9.99873E-01  9.99700E-01  9.98831E-01 -9.99837E-01  0.00000E+00  9.95374E-01  0.00000E+00  9.99575E-01  0.00000E+00  0.00000E+00 -8.68727E-01  0.00000E+00  0.00000E+00  0.00000E+00 -9.99318E-01  0.00000E+00  0.00000E+00  0.00000E+00  0.00000E+00  9.82869E-01
 THETA5       -1.00000E+00  1.00000E+00 -6.29269E-01 -9.99849E-01  4.95624E+00 -9.99999E-01  1.00000E+00  9.99999E-01 -9.99844E-01 -9.98975E-01  9.99997E-01  0.00000E+00 -9.95735E-01  0.00000E+00 -9.99724E-01  0.00000E+00  0.00000E+00  8.70659E-01  0.00000E+00  0.00000E+00  0.00000E+00  9.99394E-01  0.00000E+00  0.00000E+00  0.00000E+00  0.00000E+00 -9.83855E-01
 THETA6        9.99999E-01 -9.99999E-01  6.28958E-01  9.99836E-01 -9.99999E-01  1.60676E+00 -9.99999E-01 -9.99997E-01  9.99851E-01  9.98977E-01 -9.99996E-01  0.00000E+00  9.95743E-01  0.00000E+00  9.99729E-01  0.00000E+00  0.00000E+00 -8.70789E-01  0.00000E+00  0.00000E+00  0.00000E+00 -9.99398E-01  0.00000E+00  0.00000E+00  0.00000E+00  0.00000E+00  9.83868E-01
 THETA7       -1.00000E+00  1.00000E+00 -6.29269E-01 -9.99849E-01  1.00000E+00 -9.99999E-01  2.82516E+01  9.99999E-01 -9.99846E-01 -9.98975E-01  9.99997E-01  0.00000E+00 -9.95735E-01  0.00000E+00 -9.99725E-01  0.00000E+00  0.00000E+00  8.70660E-01  0.00000E+00  0.00000E+00  0.00000E+00  9.99395E-01  0.00000E+00  0.00000E+00  0.00000E+00  0.00000E+00 -9.83853E-01
 THETA8       -9.99999E-01  9.99999E-01 -6.29529E-01 -9.99873E-01  9.99999E-01 -9.99997E-01  9.99999E-01  4.11396E-01 -9.99841E-01 -9.98976E-01  9.99996E-01  0.00000E+00 -9.95697E-01  0.00000E+00 -9.99725E-01  0.00000E+00  0.00000E+00  8.70449E-01  0.00000E+00  0.00000E+00  0.00000E+00  9.99406E-01  0.00000E+00  0.00000E+00  0.00000E+00  0.00000E+00 -9.83758E-01
 THETA9        9.99848E-01 -9.99843E-01  6.30793E-01  9.99700E-01 -9.99844E-01  9.99851E-01 -9.99846E-01 -9.99841E-01  1.29635E+00  9.98976E-01 -9.99827E-01  0.00000E+00  9.95585E-01  0.00000E+00  9.99491E-01  0.00000E+00  0.00000E+00 -8.68732E-01  0.00000E+00  0.00000E+00  0.00000E+00 -9.99029E-01  0.00000E+00  0.00000E+00  0.00000E+00  0.00000E+00  9.83397E-01
 THETA10       9.98977E-01 -9.98974E-01  6.29837E-01  9.98831E-01 -9.98975E-01  9.98977E-01 -9.98975E-01 -9.98976E-01  9.98976E-01  2.16224E-01 -9.98973E-01  0.00000E+00  9.94179E-01  0.00000E+00  9.98372E-01  0.00000E+00  0.00000E+00 -8.66393E-01  0.00000E+00  0.00000E+00  0.00000E+00 -9.98096E-01  0.00000E+00  0.00000E+00  0.00000E+00  0.00000E+00  9.77109E-01
 THETA11      -9.99997E-01  9.99998E-01 -6.29038E-01 -9.99837E-01  9.99997E-01 -9.99996E-01  9.99997E-01  9.99996E-01 -9.99827E-01 -9.98973E-01  6.49774E-01  0.00000E+00 -9.95693E-01  0.00000E+00 -9.99722E-01  0.00000E+00  0.00000E+00  8.70796E-01  0.00000E+00  0.00000E+00  0.00000E+00  9.99392E-01  0.00000E+00  0.00000E+00  0.00000E+00  0.00000E+00 -9.83872E-01
 SIGMA(1,1)    0.00000E+00  0.00000E+00  0.00000E+00  0.00000E+00  0.00000E+00  0.00000E+00  0.00000E+00  0.00000E+00  0.00000E+00  0.00000E+00  0.00000E+00  0.00000E+00  0.00000E+00  0.00000E+00  0.00000E+00  0.00000E+00  0.00000E+00  0.00000E+00  0.00000E+00  0.00000E+00  0.00000E+00  0.00000E+00  0.00000E+00  0.00000E+00  0.00000E+00  0.00000E+00  0.00000E+00
 OMEGA(1,1)    9.95738E-01 -9.95731E-01  6.60007E-01  9.95374E-01 -9.95735E-01  9.95743E-01 -9.95735E-01 -9.95697E-01  9.95585E-01  9.94179E-01 -9.95693E-01  0.00000E+00  2.55786E-01  0.00000E+00  9.96361E-01  0.00000E+00  0.00000E+00 -8.79287E-01  0.00000E+00  0.00000E+00  0.00000E+00 -9.95689E-01  0.00000E+00  0.00000E+00  0.00000E+00  0.00000E+00  9.86572E-01
 OMEGA(2,1)    0.00000E+00  0.00000E+00  0.00000E+00  0.00000E+00  0.00000E+00  0.00000E+00  0.00000E+00  0.00000E+00  0.00000E+00  0.00000E+00  0.00000E+00  0.00000E+00  0.00000E+00  0.00000E+00  0.00000E+00  0.00000E+00  0.00000E+00  0.00000E+00  0.00000E+00  0.00000E+00  0.00000E+00  0.00000E+00  0.00000E+00  0.00000E+00  0.00000E+00  0.00000E+00  0.00000E+00
 OMEGA(2,2)    9.99726E-01 -9.99723E-01  6.32627E-01  9.99575E-01 -9.99724E-01  9.99729E-01 -9.99725E-01 -9.99725E-01  9.99491E-01  9.98372E-01 -9.99722E-01  0.00000E+00  9.96361E-01  0.00000E+00  7.96295E-01  0.00000E+00  0.00000E+00 -8.74739E-01  0.00000E+00  0.00000E+00  0.00000E+00 -9.99751E-01  0.00000E+00  0.00000E+00  0.00000E+00  0.00000E+00  9.85682E-01
 OMEGA(3,1)    0.00000E+00  0.00000E+00  0.00000E+00  0.00000E+00  0.00000E+00  0.00000E+00  0.00000E+00  0.00000E+00  0.00000E+00  0.00000E+00  0.00000E+00  0.00000E+00  0.00000E+00  0.00000E+00  0.00000E+00  0.00000E+00  0.00000E+00  0.00000E+00  0.00000E+00  0.00000E+00  0.00000E+00  0.00000E+00  0.00000E+00  0.00000E+00  0.00000E+00  0.00000E+00  0.00000E+00
 OMEGA(3,2)    0.00000E+00  0.00000E+00  0.00000E+00  0.00000E+00  0.00000E+00  0.00000E+00  0.00000E+00  0.00000E+00  0.00000E+00  0.00000E+00  0.00000E+00  0.00000E+00  0.00000E+00  0.00000E+00  0.00000E+00  0.00000E+00  0.00000E+00  0.00000E+00  0.00000E+00  0.00000E+00  0.00000E+00  0.00000E+00  0.00000E+00  0.00000E+00  0.00000E+00  0.00000E+00  0.00000E+00
 OMEGA(3,3)   -8.70659E-01  8.70653E-01 -5.84295E-01 -8.68727E-01  8.70659E-01 -8.70789E-01  8.70660E-01  8.70449E-01 -8.68732E-01 -8.66393E-01  8.70796E-01  0.00000E+00 -8.79287E-01  0.00000E+00 -8.74739E-01  0.00000E+00  0.00000E+00  8.22191E-02  0.00000E+00  0.00000E+00  0.00000E+00  8.74791E-01  0.00000E+00  0.00000E+00  0.00000E+00  0.00000E+00 -8.82810E-01
 OMEGA(4,1)    0.00000E+00  0.00000E+00  0.00000E+00  0.00000E+00  0.00000E+00  0.00000E+00  0.00000E+00  0.00000E+00  0.00000E+00  0.00000E+00  0.00000E+00  0.00000E+00  0.00000E+00  0.00000E+00  0.00000E+00  0.00000E+00  0.00000E+00  0.00000E+00  0.00000E+00  0.00000E+00  0.00000E+00  0.00000E+00  0.00000E+00  0.00000E+00  0.00000E+00  0.00000E+00  0.00000E+00
 OMEGA(4,2)    0.00000E+00  0.00000E+00  0.00000E+00  0.00000E+00  0.00000E+00  0.00000E+00  0.00000E+00  0.00000E+00  0.00000E+00  0.00000E+00  0.00000E+00  0.00000E+00  0.00000E+00  0.00000E+00  0.00000E+00  0.00000E+00  0.00000E+00  0.00000E+00  0.00000E+00  0.00000E+00  0.00000E+00  0.00000E+00  0.00000E+00  0.00000E+00  0.00000E+00  0.00000E+00  0.00000E+00
 OMEGA(4,3)    0.00000E+00  0.00000E+00  0.00000E+00  0.00000E+00  0.00000E+00  0.00000E+00  0.00000E+00  0.00000E+00  0.00000E+00  0.00000E+00  0.00000E+00  0.00000E+00  0.00000E+00  0.00000E+00  0.00000E+00  0.00000E+00  0.00000E+00  0.00000E+00  0.00000E+00  0.00000E+00  0.00000E+00  0.00000E+00  0.00000E+00  0.00000E+00  0.00000E+00  0.00000E+00  0.00000E+00
 OMEGA(4,4)   -9.99397E-01  9.99392E-01 -6.33106E-01 -9.99318E-01  9.99394E-01 -9.99398E-01  9.99395E-01  9.99406E-01 -9.99029E-01 -9.98096E-01  9.99392E-01  0.00000E+00 -9.95689E-01  0.00000E+00 -9.99751E-01  0.00000E+00  0.00000E+00  8.74791E-01  0.00000E+00  0.00000E+00  0.00000E+00  1.48917E-01  0.00000E+00  0.00000E+00  0.00000E+00  0.00000E+00 -9.84488E-01
 OMEGA(5,1)    0.00000E+00  0.00000E+00  0.00000E+00  0.00000E+00  0.00000E+00  0.00000E+00  0.00000E+00  0.00000E+00  0.00000E+00  0.00000E+00  0.00000E+00  0.00000E+00  0.00000E+00  0.00000E+00  0.00000E+00  0.00000E+00  0.00000E+00  0.00000E+00  0.00000E+00  0.00000E+00  0.00000E+00  0.00000E+00  0.00000E+00  0.00000E+00  0.00000E+00  0.00000E+00  0.00000E+00
 OMEGA(5,2)    0.00000E+00  0.00000E+00  0.00000E+00  0.00000E+00  0.00000E+00  0.00000E+00  0.00000E+00  0.00000E+00  0.00000E+00  0.00000E+00  0.00000E+00  0.00000E+00  0.00000E+00  0.00000E+00  0.00000E+00  0.00000E+00  0.00000E+00  0.00000E+00  0.00000E+00  0.00000E+00  0.00000E+00  0.00000E+00  0.00000E+00  0.00000E+00  0.00000E+00  0.00000E+00  0.00000E+00
 OMEGA(5,3)    0.00000E+00  0.00000E+00  0.00000E+00  0.00000E+00  0.00000E+00  0.00000E+00  0.00000E+00  0.00000E+00  0.00000E+00  0.00000E+00  0.00000E+00  0.00000E+00  0.00000E+00  0.00000E+00  0.00000E+00  0.00000E+00  0.00000E+00  0.00000E+00  0.00000E+00  0.00000E+00  0.00000E+00  0.00000E+00  0.00000E+00  0.00000E+00  0.00000E+00  0.00000E+00  0.00000E+00
 OMEGA(5,4)    0.00000E+00  0.00000E+00  0.00000E+00  0.00000E+00  0.00000E+00  0.00000E+00  0.00000E+00  0.00000E+00  0.00000E+00  0.00000E+00  0.00000E+00  0.00000E+00  0.00000E+00  0.00000E+00  0.00000E+00  0.00000E+00  0.00000E+00  0.00000E+00  0.00000E+00  0.00000E+00  0.00000E+00  0.00000E+00  0.00000E+00  0.00000E+00  0.00000E+00  0.00000E+00  0.00000E+00
 OMEGA(5,5)    9.83845E-01 -9.83858E-01  6.32552E-01  9.82869E-01 -9.83855E-01  9.83868E-01 -9.83853E-01 -9.83758E-01  9.83397E-01  9.77109E-01 -9.83872E-01  0.00000E+00  9.86572E-01  0.00000E+00  9.85682E-01  0.00000E+00  0.00000E+00 -8.82810E-01  0.00000E+00  0.00000E+00  0.00000E+00 -9.84488E-01  0.00000E+00  0.00000E+00  0.00000E+00  0.00000E+00  4.28276E-03
