TABLE NO.     1: First Order Conditional Estimation with Interaction: Problem=1 Subproblem=0 Superproblem1=0 Iteration1=0 Superproblem2=0 Iteration2=0
 NAME         THETA1       THETA2       THETA3       THETA4       THETA5       THETA6       THETA7       THETA8       THETA9       THETA10      THETA11      SIGMA(1,1)   OMEGA(1,1)   OMEGA(2,1)   OMEGA(2,2)   OMEGA(3,1)   OMEGA(3,2)   OMEGA(3,3)   OMEGA(4,1)   OMEGA(4,2)   OMEGA(4,3)   OMEGA(4,4)   OMEGA(5,1)   OMEGA(5,2)   OMEGA(5,3)   OMEGA(5,4)   OMEGA(5,5)
 THETA1        5.06833E+19 -2.59429E+19 -7.49336E+12 -1.42010E+12  1.03823E+15 -3.16334E+14  8.13738E+13  9.42630E+14 -2.27063E+13 -1.17069E+12  2.87846E+14  0.00000E+00  1.60296E+11  0.00000E+00  8.09213E+11  0.00000E+00  0.00000E+00  1.49431E+11  0.00000E+00  0.00000E+00  0.00000E+00  1.27402E+13  0.00000E+00  0.00000E+00  0.00000E+00  0.00000E+00  7.23473E+12
 THETA2       -2.59429E+19  1.35009E+19  3.83877E+12  6.13198E+11 -5.25660E+14  1.56416E+14 -4.41579E+13 -4.82509E+14  1.14372E+13  4.91923E+11 -1.49286E+14  0.00000E+00 -7.90678E+10  0.00000E+00 -4.53606E+11  0.00000E+00  0.00000E+00 -7.90040E+10  0.00000E+00  0.00000E+00  0.00000E+00 -6.14198E+12  0.00000E+00  0.00000E+00  0.00000E+00  0.00000E+00 -3.96713E+12
 THETA3       -7.49336E+12  3.83877E+12  1.13857E+06  1.64880E+05 -1.63141E+08  4.96279E+07 -1.00358E+07 -1.46531E+08  3.56931E+06  1.20617E+05 -4.46554E+07  0.00000E+00 -2.69504E+04  0.00000E+00 -1.30138E+05  0.00000E+00  0.00000E+00 -2.36589E+04  0.00000E+00  0.00000E+00  0.00000E+00 -2.02444E+06  0.00000E+00  0.00000E+00  0.00000E+00  0.00000E+00 -1.19512E+06
 THETA4       -1.42010E+12  6.13198E+11  1.64880E+05  1.68772E+05 -1.83800E+07  7.63553E+06 -3.85025E+06 -1.58099E+07  4.27293E+05  1.60535E+05 -4.23428E+06  0.00000E+00 -1.20830E+03  0.00000E+00  1.02467E+04  0.00000E+00  0.00000E+00  6.75660E+02  0.00000E+00  0.00000E+00  0.00000E+00 -3.52083E+05  0.00000E+00  0.00000E+00  0.00000E+00  0.00000E+00  1.24580E+05
 THETA5        1.03823E+15 -5.25660E+14 -1.63141E+08 -1.83800E+07  2.46226E+10 -7.59121E+09  9.32782E+08  2.16358E+10 -5.40886E+08 -1.02717E+07  6.53134E+09  0.00000E+00  4.10691E+06  0.00000E+00  1.89474E+07  0.00000E+00  0.00000E+00  3.47447E+06  0.00000E+00  0.00000E+00  0.00000E+00  3.20295E+08  0.00000E+00  0.00000E+00  0.00000E+00  0.00000E+00  1.79969E+08
 THETA6       -3.16334E+14  1.56416E+14  4.96279E+07  7.63553E+06 -7.59121E+09  2.40492E+09 -2.43555E+08 -6.58328E+09  1.67719E+08  5.00570E+06 -1.95635E+09  0.00000E+00 -1.28555E+06  0.00000E+00 -5.14160E+06  0.00000E+00  0.00000E+00 -9.99284E+05  0.00000E+00  0.00000E+00  0.00000E+00 -1.03890E+08  0.00000E+00  0.00000E+00  0.00000E+00  0.00000E+00 -4.94237E+07
 THETA7        8.13738E+13 -4.41579E+13 -1.00358E+07 -3.85025E+06  9.32782E+08 -2.43555E+08  2.98600E+08  1.02758E+09 -1.95557E+07 -4.11016E+06  3.41010E+08  0.00000E+00  6.90327E+04  0.00000E+00  1.03200E+06  0.00000E+00  0.00000E+00  1.68425E+05  0.00000E+00  0.00000E+00  0.00000E+00  5.85291E+06  0.00000E+00  0.00000E+00  0.00000E+00  0.00000E+00  6.61803E+06
 THETA8        9.42630E+14 -4.82509E+14 -1.46531E+08 -1.58099E+07  2.16358E+10 -6.58328E+09  1.02758E+09  1.92645E+10 -4.73858E+08 -9.76752E+06  5.84729E+09  0.00000E+00  3.56439E+06  0.00000E+00  1.75278E+07  0.00000E+00  0.00000E+00  3.21886E+06  0.00000E+00  0.00000E+00  0.00000E+00  2.72094E+08  0.00000E+00  0.00000E+00  0.00000E+00  0.00000E+00  1.60755E+08
 THETA9       -2.27063E+13  1.14372E+13  3.56931E+06  4.27293E+05 -5.40886E+08  1.67719E+08 -1.95557E+07 -4.73858E+08  1.19010E+07  2.47169E+05 -1.42506E+08  0.00000E+00 -9.02744E+04  0.00000E+00 -4.05593E+05  0.00000E+00  0.00000E+00 -7.59595E+04  0.00000E+00  0.00000E+00  0.00000E+00 -7.12609E+06  0.00000E+00  0.00000E+00  0.00000E+00  0.00000E+00 -3.89237E+06
 THETA10      -1.17069E+12  4.91923E+11  1.20617E+05  1.60535E+05 -1.02717E+07  5.00570E+06 -4.11016E+06 -9.76752E+06  2.47169E+05  1.91020E+05 -2.17385E+06  0.00000E+00 -2.20838E+03  0.00000E+00  1.52451E+04  0.00000E+00  0.00000E+00  3.86558E+02  0.00000E+00  0.00000E+00  0.00000E+00 -2.27326E+05  0.00000E+00  0.00000E+00  0.00000E+00  0.00000E+00  4.73932E+05
 THETA11       2.87846E+14 -1.49286E+14 -4.46554E+07 -4.23428E+06  6.53134E+09 -1.95635E+09  3.41010E+08  5.84729E+09 -1.42506E+08 -2.17385E+06  1.80017E+09  0.00000E+00  1.01488E+06  0.00000E+00  5.70952E+06  0.00000E+00  0.00000E+00  9.57832E+05  0.00000E+00  0.00000E+00  0.00000E+00  7.97207E+07  0.00000E+00  0.00000E+00  0.00000E+00  0.00000E+00  5.13803E+07
 SIGMA(1,1)    0.00000E+00  0.00000E+00  0.00000E+00  0.00000E+00  0.00000E+00  0.00000E+00  0.00000E+00  0.00000E+00  0.00000E+00  0.00000E+00  0.00000E+00  0.00000E+00  0.00000E+00  0.00000E+00  0.00000E+00  0.00000E+00  0.00000E+00  0.00000E+00  0.00000E+00  0.00000E+00  0.00000E+00  0.00000E+00  0.00000E+00  0.00000E+00  0.00000E+00  0.00000E+00  0.00000E+00
 OMEGA(1,1)    1.60296E+11 -7.90678E+10 -2.69504E+04 -1.20830E+03  4.10691E+06 -1.28555E+06  6.90327E+04  3.56439E+06 -9.02744E+04 -2.20838E+03  1.01488E+06  0.00000E+00  4.80105E+03  0.00000E+00  1.90133E+02  0.00000E+00  0.00000E+00  7.84080E+02  0.00000E+00  0.00000E+00  0.00000E+00  5.07336E+04  0.00000E+00  0.00000E+00  0.00000E+00  0.00000E+00  1.23747E+04
 OMEGA(2,1)    0.00000E+00  0.00000E+00  0.00000E+00  0.00000E+00  0.00000E+00  0.00000E+00  0.00000E+00  0.00000E+00  0.00000E+00  0.00000E+00  0.00000E+00  0.00000E+00  0.00000E+00  0.00000E+00  0.00000E+00  0.00000E+00  0.00000E+00  0.00000E+00  0.00000E+00  0.00000E+00  0.00000E+00  0.00000E+00  0.00000E+00  0.00000E+00  0.00000E+00  0.00000E+00  0.00000E+00
 OMEGA(2,2)    8.09213E+11 -4.53606E+11 -1.30138E+05  1.02467E+04  1.89474E+07 -5.14160E+06  1.03200E+06  1.75278E+07 -4.05593E+05  1.52451E+04  5.70952E+06  0.00000E+00  1.90133E+02  0.00000E+00  3.76200E+04  0.00000E+00  0.00000E+00  3.52816E+03  0.00000E+00  0.00000E+00  0.00000E+00  2.20237E+05  0.00000E+00  0.00000E+00  0.00000E+00  0.00000E+00  6.25200E+04
 OMEGA(3,1)    0.00000E+00  0.00000E+00  0.00000E+00  0.00000E+00  0.00000E+00  0.00000E+00  0.00000E+00  0.00000E+00  0.00000E+00  0.00000E+00  0.00000E+00  0.00000E+00  0.00000E+00  0.00000E+00  0.00000E+00  0.00000E+00  0.00000E+00  0.00000E+00  0.00000E+00  0.00000E+00  0.00000E+00  0.00000E+00  0.00000E+00  0.00000E+00  0.00000E+00  0.00000E+00  0.00000E+00
 OMEGA(3,2)    0.00000E+00  0.00000E+00  0.00000E+00  0.00000E+00  0.00000E+00  0.00000E+00  0.00000E+00  0.00000E+00  0.00000E+00  0.00000E+00  0.00000E+00  0.00000E+00  0.00000E+00  0.00000E+00  0.00000E+00  0.00000E+00  0.00000E+00  0.00000E+00  0.00000E+00  0.00000E+00  0.00000E+00  0.00000E+00  0.00000E+00  0.00000E+00  0.00000E+00  0.00000E+00  0.00000E+00
 OMEGA(3,3)    1.49431E+11 -7.90040E+10 -2.36589E+04  6.75660E+02  3.47447E+06 -9.99284E+05  1.68425E+05  3.21886E+06 -7.59595E+04  3.86558E+02  9.57832E+05  0.00000E+00  7.84080E+02  0.00000E+00  3.52816E+03  0.00000E+00  0.00000E+00  1.60283E+03  0.00000E+00  0.00000E+00  0.00000E+00  3.93180E+04  0.00000E+00  0.00000E+00  0.00000E+00  0.00000E+00  3.48252E+04
 OMEGA(4,1)    0.00000E+00  0.00000E+00  0.00000E+00  0.00000E+00  0.00000E+00  0.00000E+00  0.00000E+00  0.00000E+00  0.00000E+00  0.00000E+00  0.00000E+00  0.00000E+00  0.00000E+00  0.00000E+00  0.00000E+00  0.00000E+00  0.00000E+00  0.00000E+00  0.00000E+00  0.00000E+00  0.00000E+00  0.00000E+00  0.00000E+00  0.00000E+00  0.00000E+00  0.00000E+00  0.00000E+00
 OMEGA(4,2)    0.00000E+00  0.00000E+00  0.00000E+00  0.00000E+00  0.00000E+00  0.00000E+00  0.00000E+00  0.00000E+00  0.00000E+00  0.00000E+00  0.00000E+00  0.00000E+00  0.00000E+00  0.00000E+00  0.00000E+00  0.00000E+00  0.00000E+00  0.00000E+00  0.00000E+00  0.00000E+00  0.00000E+00  0.00000E+00  0.00000E+00  0.00000E+00  0.00000E+00  0.00000E+00  0.00000E+00
 OMEGA(4,3)    0.00000E+00  0.00000E+00  0.00000E+00  0.00000E+00  0.00000E+00  0.00000E+00  0.00000E+00  0.00000E+00  0.00000E+00  0.00000E+00  0.00000E+00  0.00000E+00  0.00000E+00  0.00000E+00  0.00000E+00  0.00000E+00  0.00000E+00  0.00000E+00  0.00000E+00  0.00000E+00  0.00000E+00  0.00000E+00  0.00000E+00  0.00000E+00  0.00000E+00  0.00000E+00  0.00000E+00
 OMEGA(4,4)    1.27402E+13 -6.14198E+12 -2.02444E+06 -3.52083E+05  3.20295E+08 -1.03890E+08  5.85291E+06  2.72094E+08 -7.12609E+06 -2.27326E+05  7.97207E+07  0.00000E+00  5.07336E+04  0.00000E+00  2.20237E+05  0.00000E+00  0.00000E+00  3.93180E+04  0.00000E+00  0.00000E+00  0.00000E+00  4.75905E+06  0.00000E+00  0.00000E+00  0.00000E+00  0.00000E+00  1.78198E+06
 OMEGA(5,1)    0.00000E+00  0.00000E+00  0.00000E+00  0.00000E+00  0.00000E+00  0.00000E+00  0.00000E+00  0.00000E+00  0.00000E+00  0.00000E+00  0.00000E+00  0.00000E+00  0.00000E+00  0.00000E+00  0.00000E+00  0.00000E+00  0.00000E+00  0.00000E+00  0.00000E+00  0.00000E+00  0.00000E+00  0.00000E+00  0.00000E+00  0.00000E+00  0.00000E+00  0.00000E+00  0.00000E+00
 OMEGA(5,2)    0.00000E+00  0.00000E+00  0.00000E+00  0.00000E+00  0.00000E+00  0.00000E+00  0.00000E+00  0.00000E+00  0.00000E+00  0.00000E+00  0.00000E+00  0.00000E+00  0.00000E+00  0.00000E+00  0.00000E+00  0.00000E+00  0.00000E+00  0.00000E+00  0.00000E+00  0.00000E+00  0.00000E+00  0.00000E+00  0.00000E+00  0.00000E+00  0.00000E+00  0.00000E+00  0.00000E+00
 OMEGA(5,3)    0.00000E+00  0.00000E+00  0.00000E+00  0.00000E+00  0.00000E+00  0.00000E+00  0.00000E+00  0.00000E+00  0.00000E+00  0.00000E+00  0.00000E+00  0.00000E+00  0.00000E+00  0.00000E+00  0.00000E+00  0.00000E+00  0.00000E+00  0.00000E+00  0.00000E+00  0.00000E+00  0.00000E+00  0.00000E+00  0.00000E+00  0.00000E+00  0.00000E+00  0.00000E+00  0.00000E+00
 OMEGA(5,4)    0.00000E+00  0.00000E+00  0.00000E+00  0.00000E+00  0.00000E+00  0.00000E+00  0.00000E+00  0.00000E+00  0.00000E+00  0.00000E+00  0.00000E+00  0.00000E+00  0.00000E+00  0.00000E+00  0.00000E+00  0.00000E+00  0.00000E+00  0.00000E+00  0.00000E+00  0.00000E+00  0.00000E+00  0.00000E+00  0.00000E+00  0.00000E+00  0.00000E+00  0.00000E+00  0.00000E+00
 OMEGA(5,5)    7.23473E+12 -3.96713E+12 -1.19512E+06  1.24580E+05  1.79969E+08 -4.94237E+07  6.61803E+06  1.60755E+08 -3.89237E+06  4.73932E+05  5.13803E+07  0.00000E+00  1.23747E+04  0.00000E+00  6.25200E+04  0.00000E+00  0.00000E+00  3.48252E+04  0.00000E+00  0.00000E+00  0.00000E+00  1.78198E+06  0.00000E+00  0.00000E+00  0.00000E+00  0.00000E+00  8.87872E+06
