TABLE NO.     1: First Order Conditional Estimation with Interaction: Problem=1 Subproblem=0 Superproblem1=0 Iteration1=0 Superproblem2=0 Iteration2=0
 NAME         THETA1       THETA2       THETA3       THETA4       THETA5       THETA6       THETA7       THETA8       THETA9       THETA10      THETA11      SIGMA(1,1)   OMEGA(1,1)   OMEGA(2,1)   OMEGA(2,2)   OMEGA(3,1)   OMEGA(3,2)   OMEGA(3,3)   OMEGA(4,1)   OMEGA(4,2)   OMEGA(4,3)   OMEGA(4,4)   OMEGA(5,1)   OMEGA(5,2)   OMEGA(5,3)   OMEGA(5,4)   OMEGA(5,5)
 THETA1        8.19557E-09 -1.38688E-08  3.64022E-06  2.41064E-04 -4.48685E-04  1.45459E-04 -2.55760E-03 -3.72434E-05  1.17340E-04  1.95546E-05 -5.88235E-05  0.00000E+00  2.30575E-05  0.00000E+00  7.20684E-05  0.00000E+00  0.00000E+00 -6.48053E-06  0.00000E+00  0.00000E+00  0.00000E+00 -1.34732E-05  0.00000E+00  0.00000E+00  0.00000E+00  0.00000E+00  3.81452E-07
 THETA2       -1.38688E-08  2.34694E-08 -6.15959E-06 -4.07937E-04  7.59282E-04 -2.46151E-04  4.32807E-03  6.30246E-05 -1.98567E-04 -3.30910E-05  9.95433E-05  0.00000E+00 -3.90185E-05  0.00000E+00 -1.21956E-04  0.00000E+00  0.00000E+00  1.09665E-05  0.00000E+00  0.00000E+00  0.00000E+00  2.27997E-05  0.00000E+00  0.00000E+00  0.00000E+00  0.00000E+00 -6.45516E-07
 THETA3        3.64022E-06 -6.15959E-06  4.08250E-03  1.08044E-01 -1.99275E-01  6.45709E-02 -1.13591E+00 -1.65477E-02  5.22485E-02  8.70154E-03 -2.61157E-02  0.00000E+00  1.07867E-02  0.00000E+00  3.21873E-02  0.00000E+00  0.00000E+00 -3.06950E-03  0.00000E+00  0.00000E+00  0.00000E+00 -6.02397E-03  0.00000E+00  0.00000E+00  0.00000E+00  0.00000E+00  1.73095E-04
 THETA4        2.41064E-04 -4.07937E-04  1.08044E-01  7.09279E+00 -1.31976E+01  4.27848E+00 -7.52291E+01 -1.09550E+00  3.45145E+00  5.75182E-01 -1.73022E+00  0.00000E+00  6.78066E-01  0.00000E+00  2.11981E+00  0.00000E+00  0.00000E+00 -1.90224E-01  0.00000E+00  0.00000E+00  0.00000E+00 -3.96329E-01  0.00000E+00  0.00000E+00  0.00000E+00  0.00000E+00  1.12106E-02
 THETA5       -4.48685E-04  7.59282E-04 -1.99275E-01 -1.31976E+01  2.45643E+01 -7.96350E+00  1.40022E+02  2.03897E+00 -6.42404E+00 -1.07056E+00  3.22043E+00  0.00000E+00 -1.26233E+00  0.00000E+00 -3.94554E+00  0.00000E+00  0.00000E+00  3.54792E-01  0.00000E+00  0.00000E+00  0.00000E+00  7.37620E-01  0.00000E+00  0.00000E+00  0.00000E+00  0.00000E+00 -2.08837E-02
 THETA6        1.45459E-04 -2.46151E-04  6.45709E-02  4.27848E+00 -7.96350E+00  2.58169E+00 -4.53936E+01 -6.61014E-01  2.08262E+00  3.47066E-01 -1.04403E+00  0.00000E+00  4.09239E-01  0.00000E+00  1.27911E+00  0.00000E+00  0.00000E+00 -1.15037E-01  0.00000E+00  0.00000E+00  0.00000E+00 -2.39130E-01  0.00000E+00  0.00000E+00  0.00000E+00  0.00000E+00  6.77037E-03
 THETA7       -2.55760E-03  4.32807E-03 -1.13591E+00 -7.52291E+01  1.40022E+02 -4.53936E+01  7.98154E+02  1.16226E+01 -3.66185E+01 -6.10243E+00  1.83571E+01  0.00000E+00 -7.19555E+00  0.00000E+00 -2.24904E+01  0.00000E+00  0.00000E+00  2.02239E+00  0.00000E+00  0.00000E+00  0.00000E+00  4.20459E+00  0.00000E+00  0.00000E+00  0.00000E+00  0.00000E+00 -1.19041E-01
 THETA8       -3.72434E-05  6.30246E-05 -1.65477E-02 -1.09550E+00  2.03897E+00 -6.61014E-01  1.16226E+01  1.69246E-01 -5.33230E-01 -8.88627E-02  2.67313E-01  0.00000E+00 -1.04777E-01  0.00000E+00 -3.27502E-01  0.00000E+00  0.00000E+00  2.94426E-02  0.00000E+00  0.00000E+00  0.00000E+00  6.12273E-02  0.00000E+00  0.00000E+00  0.00000E+00  0.00000E+00 -1.73329E-03
 THETA9        1.17340E-04 -1.98567E-04  5.22485E-02  3.45145E+00 -6.42404E+00  2.08262E+00 -3.66185E+01 -5.33230E-01  1.68053E+00  2.80016E-01 -8.42192E-01  0.00000E+00  3.30126E-01  0.00000E+00  1.03176E+00  0.00000E+00  0.00000E+00 -9.25939E-02  0.00000E+00  0.00000E+00  0.00000E+00 -1.92861E-01  0.00000E+00  0.00000E+00  0.00000E+00  0.00000E+00  5.45980E-03
 THETA10       1.95546E-05 -3.30910E-05  8.70154E-03  5.75182E-01 -1.07056E+00  3.47066E-01 -6.10243E+00 -8.88627E-02  2.80016E-01  4.67530E-02 -1.40353E-01  0.00000E+00  5.49853E-02  0.00000E+00  1.71898E-01  0.00000E+00  0.00000E+00 -1.54025E-02  0.00000E+00  0.00000E+00  0.00000E+00 -3.21381E-02  0.00000E+00  0.00000E+00  0.00000E+00  0.00000E+00  9.04839E-04
 THETA11      -5.88235E-05  9.95433E-05 -2.61157E-02 -1.73022E+00  3.22043E+00 -1.04403E+00  1.83571E+01  2.67313E-01 -8.42192E-01 -1.40353E-01  4.22206E-01  0.00000E+00 -1.65488E-01  0.00000E+00 -5.17268E-01  0.00000E+00  0.00000E+00  4.65213E-02  0.00000E+00  0.00000E+00  0.00000E+00  9.67033E-02  0.00000E+00  0.00000E+00  0.00000E+00  0.00000E+00 -2.73795E-03
 SIGMA(1,1)    0.00000E+00  0.00000E+00  0.00000E+00  0.00000E+00  0.00000E+00  0.00000E+00  0.00000E+00  0.00000E+00  0.00000E+00  0.00000E+00  0.00000E+00  0.00000E+00  0.00000E+00  0.00000E+00  0.00000E+00  0.00000E+00  0.00000E+00  0.00000E+00  0.00000E+00  0.00000E+00  0.00000E+00  0.00000E+00  0.00000E+00  0.00000E+00  0.00000E+00  0.00000E+00  0.00000E+00
 OMEGA(1,1)    2.30575E-05 -3.90185E-05  1.07867E-02  6.78066E-01 -1.26233E+00  4.09239E-01 -7.19555E+00 -1.04777E-01  3.30126E-01  5.49853E-02 -1.65488E-01  0.00000E+00  6.54266E-02  0.00000E+00  2.02940E-01  0.00000E+00  0.00000E+00 -1.84919E-02  0.00000E+00  0.00000E+00  0.00000E+00 -3.79266E-02  0.00000E+00  0.00000E+00  0.00000E+00  0.00000E+00  1.08076E-03
 OMEGA(2,1)    0.00000E+00  0.00000E+00  0.00000E+00  0.00000E+00  0.00000E+00  0.00000E+00  0.00000E+00  0.00000E+00  0.00000E+00  0.00000E+00  0.00000E+00  0.00000E+00  0.00000E+00  0.00000E+00  0.00000E+00  0.00000E+00  0.00000E+00  0.00000E+00  0.00000E+00  0.00000E+00  0.00000E+00  0.00000E+00  0.00000E+00  0.00000E+00  0.00000E+00  0.00000E+00  0.00000E+00
 OMEGA(2,2)    7.20684E-05 -1.21956E-04  3.21873E-02  2.11981E+00 -3.94554E+00  1.27911E+00 -2.24904E+01 -3.27502E-01  1.03176E+00  1.71898E-01 -5.17268E-01  0.00000E+00  2.02940E-01  0.00000E+00  6.34086E-01  0.00000E+00  0.00000E+00 -5.72698E-02  0.00000E+00  0.00000E+00  0.00000E+00 -1.18552E-01  0.00000E+00  0.00000E+00  0.00000E+00  0.00000E+00  3.36151E-03
 OMEGA(3,1)    0.00000E+00  0.00000E+00  0.00000E+00  0.00000E+00  0.00000E+00  0.00000E+00  0.00000E+00  0.00000E+00  0.00000E+00  0.00000E+00  0.00000E+00  0.00000E+00  0.00000E+00  0.00000E+00  0.00000E+00  0.00000E+00  0.00000E+00  0.00000E+00  0.00000E+00  0.00000E+00  0.00000E+00  0.00000E+00  0.00000E+00  0.00000E+00  0.00000E+00  0.00000E+00  0.00000E+00
 OMEGA(3,2)    0.00000E+00  0.00000E+00  0.00000E+00  0.00000E+00  0.00000E+00  0.00000E+00  0.00000E+00  0.00000E+00  0.00000E+00  0.00000E+00  0.00000E+00  0.00000E+00  0.00000E+00  0.00000E+00  0.00000E+00  0.00000E+00  0.00000E+00  0.00000E+00  0.00000E+00  0.00000E+00  0.00000E+00  0.00000E+00  0.00000E+00  0.00000E+00  0.00000E+00  0.00000E+00  0.00000E+00
 OMEGA(3,3)   -6.48053E-06  1.09665E-05 -3.06950E-03 -1.90224E-01  3.54792E-01 -1.15037E-01  2.02239E+00  2.94426E-02 -9.25939E-02 -1.54025E-02  4.65213E-02  0.00000E+00 -1.84919E-02  0.00000E+00 -5.72698E-02  0.00000E+00  0.00000E+00  6.75998E-03  0.00000E+00  0.00000E+00  0.00000E+00  1.07108E-02  0.00000E+00  0.00000E+00  0.00000E+00  0.00000E+00 -3.10860E-04
 OMEGA(4,1)    0.00000E+00  0.00000E+00  0.00000E+00  0.00000E+00  0.00000E+00  0.00000E+00  0.00000E+00  0.00000E+00  0.00000E+00  0.00000E+00  0.00000E+00  0.00000E+00  0.00000E+00  0.00000E+00  0.00000E+00  0.00000E+00  0.00000E+00  0.00000E+00  0.00000E+00  0.00000E+00  0.00000E+00  0.00000E+00  0.00000E+00  0.00000E+00  0.00000E+00  0.00000E+00  0.00000E+00
 OMEGA(4,2)    0.00000E+00  0.00000E+00  0.00000E+00  0.00000E+00  0.00000E+00  0.00000E+00  0.00000E+00  0.00000E+00  0.00000E+00  0.00000E+00  0.00000E+00  0.00000E+00  0.00000E+00  0.00000E+00  0.00000E+00  0.00000E+00  0.00000E+00  0.00000E+00  0.00000E+00  0.00000E+00  0.00000E+00  0.00000E+00  0.00000E+00  0.00000E+00  0.00000E+00  0.00000E+00  0.00000E+00
 OMEGA(4,3)    0.00000E+00  0.00000E+00  0.00000E+00  0.00000E+00  0.00000E+00  0.00000E+00  0.00000E+00  0.00000E+00  0.00000E+00  0.00000E+00  0.00000E+00  0.00000E+00  0.00000E+00  0.00000E+00  0.00000E+00  0.00000E+00  0.00000E+00  0.00000E+00  0.00000E+00  0.00000E+00  0.00000E+00  0.00000E+00  0.00000E+00  0.00000E+00  0.00000E+00  0.00000E+00  0.00000E+00
 OMEGA(4,4)   -1.34732E-05  2.27997E-05 -6.02397E-03 -3.96329E-01  7.37620E-01 -2.39130E-01  4.20459E+00  6.12273E-02 -1.92861E-01 -3.21381E-02  9.67033E-02  0.00000E+00 -3.79266E-02  0.00000E+00 -1.18552E-01  0.00000E+00  0.00000E+00  1.07108E-02  0.00000E+00  0.00000E+00  0.00000E+00  2.21762E-02  0.00000E+00  0.00000E+00  0.00000E+00  0.00000E+00 -6.27882E-04
 OMEGA(5,1)    0.00000E+00  0.00000E+00  0.00000E+00  0.00000E+00  0.00000E+00  0.00000E+00  0.00000E+00  0.00000E+00  0.00000E+00  0.00000E+00  0.00000E+00  0.00000E+00  0.00000E+00  0.00000E+00  0.00000E+00  0.00000E+00  0.00000E+00  0.00000E+00  0.00000E+00  0.00000E+00  0.00000E+00  0.00000E+00  0.00000E+00  0.00000E+00  0.00000E+00  0.00000E+00  0.00000E+00
 OMEGA(5,2)    0.00000E+00  0.00000E+00  0.00000E+00  0.00000E+00  0.00000E+00  0.00000E+00  0.00000E+00  0.00000E+00  0.00000E+00  0.00000E+00  0.00000E+00  0.00000E+00  0.00000E+00  0.00000E+00  0.00000E+00  0.00000E+00  0.00000E+00  0.00000E+00  0.00000E+00  0.00000E+00  0.00000E+00  0.00000E+00  0.00000E+00  0.00000E+00  0.00000E+00  0.00000E+00  0.00000E+00
 OMEGA(5,3)    0.00000E+00  0.00000E+00  0.00000E+00  0.00000E+00  0.00000E+00  0.00000E+00  0.00000E+00  0.00000E+00  0.00000E+00  0.00000E+00  0.00000E+00  0.00000E+00  0.00000E+00  0.00000E+00  0.00000E+00  0.00000E+00  0.00000E+00  0.00000E+00  0.00000E+00  0.00000E+00  0.00000E+00  0.00000E+00  0.00000E+00  0.00000E+00  0.00000E+00  0.00000E+00  0.00000E+00
 OMEGA(5,4)    0.00000E+00  0.00000E+00  0.00000E+00  0.00000E+00  0.00000E+00  0.00000E+00  0.00000E+00  0.00000E+00  0.00000E+00  0.00000E+00  0.00000E+00  0.00000E+00  0.00000E+00  0.00000E+00  0.00000E+00  0.00000E+00  0.00000E+00  0.00000E+00  0.00000E+00  0.00000E+00  0.00000E+00  0.00000E+00  0.00000E+00  0.00000E+00  0.00000E+00  0.00000E+00  0.00000E+00
 OMEGA(5,5)    3.81452E-07 -6.45516E-07  1.73095E-04  1.12106E-02 -2.08837E-02  6.77037E-03 -1.19041E-01 -1.73329E-03  5.45980E-03  9.04839E-04 -2.73795E-03  0.00000E+00  1.08076E-03  0.00000E+00  3.36151E-03  0.00000E+00  0.00000E+00 -3.10860E-04  0.00000E+00  0.00000E+00  0.00000E+00 -6.27882E-04  0.00000E+00  0.00000E+00  0.00000E+00  0.00000E+00  1.83421E-05
